0.587528 0.950859 0.951351 0.588816 0.000000 0.000000 0.000000 0.000000 
0.586716 0.949546 0.950037 0.588000 0.002589 0.000000 0.000000 0.000000 
0.585905 0.948234 0.948724 0.587189 0.005169 0.000003 0.000000 0.000000 
0.585096 0.946924 0.947414 0.586381 0.007741 0.000008 0.000000 0.000000 
0.584287 0.945616 0.946105 0.585577 0.010304 0.000015 0.000000 0.000000 
0.583480 0.944309 0.944798 0.584777 0.012859 0.000026 0.000000 0.000000 
0.582674 0.943004 0.943492 0.583980 0.015405 0.000039 0.000000 0.000000 
0.581869 0.941702 0.942189 0.583187 0.017943 0.000054 0.000000 0.000000 
0.581065 0.940401 0.940887 0.582398 0.020472 0.000072 0.000000 0.000000 
0.580262 0.939101 0.939587 0.581612 0.022993 0.000092 0.000000 0.000000 
0.579461 0.937804 0.938289 0.580830 0.025506 0.000115 0.000000 0.000000 
0.578660 0.936508 0.936993 0.580051 0.028010 0.000140 0.000000 0.000000 
0.577861 0.935214 0.935699 0.579276 0.030506 0.000167 0.000001 0.000000 
0.577062 0.933922 0.934406 0.578504 0.032994 0.000197 0.000001 0.000000 
0.576265 0.932632 0.933115 0.577736 0.035474 0.000230 0.000001 0.000000 
0.575469 0.931343 0.931826 0.576972 0.037946 0.000265 0.000001 0.000000 
0.574674 0.930057 0.930539 0.576211 0.040409 0.000302 0.000001 0.000000 
0.573880 0.928772 0.929254 0.575453 0.042864 0.000341 0.000002 0.000000 
0.573087 0.927489 0.927970 0.574699 0.045311 0.000383 0.000002 0.000000 
0.572295 0.926207 0.926688 0.573948 0.047751 0.000427 0.000002 0.000000 
0.571504 0.924927 0.925409 0.573200 0.050182 0.000474 0.000003 0.000000 
0.570715 0.923650 0.924130 0.572456 0.052605 0.000522 0.000003 0.000000 
0.569926 0.922374 0.922854 0.571716 0.055020 0.000573 0.000004 0.000000 
0.569139 0.921099 0.921580 0.570978 0.057427 0.000627 0.000004 0.000000 
0.568353 0.919827 0.920307 0.570245 0.059827 0.000682 0.000005 0.000000 
0.567567 0.918556 0.919036 0.569514 0.062218 0.000740 0.000006 0.000000 
0.566783 0.917287 0.917767 0.568787 0.064602 0.000800 0.000006 0.000000 
0.566000 0.916019 0.916500 0.568063 0.066977 0.000862 0.000007 0.000000 
0.565218 0.914754 0.915234 0.567342 0.069345 0.000927 0.000008 0.000000 
0.564437 0.913490 0.913971 0.566624 0.071706 0.000993 0.000009 0.000000 
0.563657 0.912228 0.912709 0.565910 0.074058 0.001062 0.000010 0.000000 
0.562879 0.910968 0.911449 0.565199 0.076403 0.001133 0.000011 0.000000 
0.562101 0.909709 0.910191 0.564492 0.078740 0.001206 0.000012 0.000000 
0.561324 0.908452 0.908935 0.563787 0.081070 0.001281 0.000013 0.000000 
0.560549 0.907197 0.907680 0.563086 0.083391 0.001358 0.000014 0.000000 
0.559774 0.905944 0.906427 0.562388 0.085706 0.001438 0.000016 0.000000 
0.559001 0.904692 0.905176 0.561692 0.088012 0.001519 0.000017 0.000000 
0.558229 0.903442 0.903927 0.561001 0.090312 0.001602 0.000019 0.000000 
0.557458 0.902194 0.902680 0.560312 0.092603 0.001688 0.000020 0.000000 
0.556687 0.900948 0.901434 0.559626 0.094887 0.001776 0.000022 0.000000 
0.555918 0.899703 0.900191 0.558944 0.097164 0.001865 0.000023 0.000000 
0.555150 0.898460 0.898949 0.558264 0.099433 0.001957 0.000025 0.000000 
0.554383 0.897219 0.897708 0.557588 0.101695 0.002050 0.000027 0.000000 
0.553617 0.895979 0.896470 0.556914 0.103950 0.002146 0.000029 0.000000 
0.552852 0.894741 0.895234 0.556244 0.106197 0.002243 0.000031 0.000000 
0.552089 0.893505 0.893999 0.555577 0.108437 0.002343 0.000033 0.000000 
0.551326 0.892271 0.892766 0.554912 0.110670 0.002444 0.000036 0.000000 
0.550564 0.891038 0.891535 0.554251 0.112895 0.002548 0.000038 0.000000 
0.549803 0.889807 0.890306 0.553593 0.115113 0.002653 0.000040 0.000000 
0.549044 0.888578 0.889078 0.552937 0.117324 0.002760 0.000043 0.000000 
0.548285 0.887350 0.887852 0.552285 0.119528 0.002869 0.000046 0.000001 
0.547528 0.886124 0.886628 0.551636 0.121724 0.002980 0.000048 0.000001 
0.546771 0.884900 0.885406 0.550989 0.123914 0.003093 0.000051 0.000001 
0.546016 0.883677 0.884186 0.550345 0.126096 0.003208 0.000054 0.000001 
0.545262 0.882457 0.882967 0.549705 0.128271 0.003324 0.000057 0.000001 
0.544508 0.881237 0.881751 0.549067 0.130440 0.003443 0.000060 0.000001 
0.543756 0.880020 0.880536 0.548432 0.132601 0.003563 0.000063 0.000001 
0.543005 0.878804 0.879323 0.547800 0.134755 0.003685 0.000067 0.000001 
0.542254 0.877590 0.878111 0.547170 0.136902 0.003809 0.000070 0.000001 
0.541505 0.876378 0.876902 0.546544 0.139042 0.003934 0.000074 0.000001 
0.540757 0.875167 0.875694 0.545920 0.141176 0.004061 0.000078 0.000001 
0.540010 0.873958 0.874488 0.545299 0.143302 0.004191 0.000081 0.000001 
0.539264 0.872751 0.873284 0.544681 0.145422 0.004321 0.000085 0.000001 
0.538519 0.871545 0.872081 0.544066 0.147535 0.004454 0.000089 0.000001 
0.537775 0.870341 0.870881 0.543453 0.149640 0.004588 0.000094 0.000001 
0.537032 0.869138 0.869682 0.542843 0.151740 0.004724 0.000098 0.000002 
0.536290 0.867938 0.868485 0.542236 0.153832 0.004862 0.000102 0.000002 
0.535549 0.866739 0.867289 0.541632 0.155918 0.005001 0.000107 0.000002 
0.534809 0.865541 0.866096 0.541030 0.157996 0.005142 0.000112 0.000002 
0.534070 0.864346 0.864904 0.540431 0.160069 0.005285 0.000116 0.000002 
0.533332 0.863152 0.863714 0.539835 0.162134 0.005429 0.000121 0.000002 
0.532596 0.861959 0.862526 0.539241 0.164193 0.005575 0.000126 0.000002 
0.531860 0.860768 0.861340 0.538650 0.166245 0.005723 0.000132 0.000002 
0.531125 0.859579 0.860155 0.538062 0.168291 0.005872 0.000137 0.000002 
0.530391 0.858392 0.858972 0.537476 0.170330 0.006023 0.000142 0.000003 
0.529658 0.857206 0.857791 0.536893 0.172362 0.006175 0.000148 0.000003 
0.528927 0.856022 0.856612 0.536312 0.174388 0.006329 0.000154 0.000003 
0.528196 0.854839 0.855434 0.535734 0.176408 0.006485 0.000160 0.000003 
0.527466 0.853658 0.854259 0.535159 0.178421 0.006642 0.000166 0.000003 
0.526737 0.852479 0.853085 0.534586 0.180427 0.006800 0.000172 0.000003 
0.526010 0.851302 0.851913 0.534016 0.182428 0.006961 0.000178 0.000003 
0.525283 0.850126 0.850742 0.533448 0.184421 0.007122 0.000185 0.000004 
0.524557 0.848951 0.849574 0.532883 0.186409 0.007286 0.000191 0.000004 
0.523832 0.847778 0.848407 0.532320 0.188389 0.007450 0.000198 0.000004 
0.523109 0.846607 0.847242 0.531760 0.190364 0.007617 0.000205 0.000004 
0.522386 0.845438 0.846078 0.531203 0.192332 0.007784 0.000212 0.000004 
0.521664 0.844270 0.844917 0.530647 0.194294 0.007954 0.000219 0.000004 
0.520944 0.843104 0.843757 0.530095 0.196250 0.008124 0.000226 0.000005 
0.520224 0.841939 0.842599 0.529544 0.198200 0.008296 0.000234 0.000005 
0.519505 0.840776 0.841442 0.528997 0.200143 0.008470 0.000241 0.000005 
0.518787 0.839615 0.840288 0.528451 0.202080 0.008645 0.000249 0.000005 
0.518071 0.838455 0.839135 0.527908 0.204011 0.008821 0.000257 0.000006 
0.517355 0.837297 0.837984 0.527368 0.205935 0.008999 0.000265 0.000006 
0.516640 0.836140 0.836835 0.526829 0.207854 0.009178 0.000273 0.000006 
0.515926 0.834985 0.835687 0.526294 0.209766 0.009359 0.000281 0.000006 
0.515213 0.833832 0.834541 0.525760 0.211673 0.009541 0.000290 0.000007 
0.514502 0.832680 0.833397 0.525229 0.213573 0.009724 0.000299 0.000007 
0.513791 0.831530 0.832255 0.524700 0.215467 0.009909 0.000308 0.000007 
0.513081 0.830382 0.831115 0.524174 0.217355 0.010095 0.000317 0.000007 
0.512372 0.829235 0.829976 0.523650 0.219238 0.010282 0.000326 0.000008 
0.511664 0.828089 0.828839 0.523128 0.221114 0.010471 0.000335 0.000008 
