1 2 0 0 0 0 0 0 7 0
0 1 0 0 3 0 0 4 0 0
0 0 1 6 0 0 2 0 0 8
0 0 0 1 5 9 4 0 0 0
0 0 0 0 1 3 0 0 0 3
0 0 0 0 0 1 4 0 1 0
0 0 0 0 0 0 1 6 4 0
0 0 0 0 0 0 0 1 0 0
0 0 0 0 0 0 0 0 1 8
0 0 0 0 0 0 0 0 0 1

value   [] = 1 2 7 1 3 4 1 6 2 8 1 5 9 4 1 3 3 1 4 1 1 6 4 1 1 8 1
col     [] = 0 1 8 1 4 7 2 3 6 9 3 4 5 6 4 5 9 5 6 8 6 7 8 7 8 9 9
rowIndex[] = 0 3 6 10 14 17 20 23 24 26 27

1 2 0 0 0 
0 1 0 0 3 
0 0 1 6 0 
0 0 0 1 5
0 0 0 0 1

value   [] = 1 2 1 3 1 6 1 5 1
col     [] = 0 1 1 4 2 3 3 4 4
rowIndex[] = 0 2 4 6 8 9

